1000024
1004731
1007225
1014087
1017056
1020335
1021507
1021608
1032810
1039087
1039483
1044409
1046253
1054973
1056459
1062504
1064022
1065038
1065494
1066329
1067171
1069313
1069652
1069744
1070541
1072512
1086889
1093260
1093657
1094084
1101840
1107627
1117948
1121440
1123675
1129377
1130465
1151035
1154662
1162274
1187262
1196501
1207278
1220067
1249129
1287785
1303117
1309909
1310736
1332404
1344113
1347128
1347138
1352753
1357960
1380153
1382805
1384428
1388456
1403504
1406483
1410806
1427016
1430471
1435531
1445205
1445856
1457690
1463666
1464169
1465854
1469746
1470806
1479475
1482123
1491520
1495722
1496328
1609963
1515425
1515455
1515503
1516025
1517688
1520732
1523073
1531474
1536811
1545106
1548805
1556261
1563829
1602389
1606694
1617909
1676226
1713126
1722352
1735316
1760575
1766380
1766390
1771548
1784045
1785009
1785039
1791463
1799222
1799832
1803750
1804659
1814055
1818875
1827917
1829859
1831962
1831997
1838440
1857010
1869559
1876766
1881728
1901225
1930002
1935456
1968730
1969406
1969447
1987973
1998378
2015817
2016832
2030618
2033536
2040371
2040859
2044069
2053274
2065263
2066361
2076474
2076836
2088024
